invIMIS 0
	              0	              0	              0	              0	              0	              0	              0	              0	              0	              0	              0	              0	              0	              0	              0
	              0	              0	              0	              0	              0	              0	              0	              0	              0	              0	              0	              0	              0	              0	              0
	              0	              0	              0	              0	              0	              0	              0	              0	              0	              0	              0	              0	              0	              0	              0
	              0	              0	              0	              0	              0	              0	              0	              0	              0	              0	              0	              0	              0	              0	              0
	              0	              0	              0	              0	              0	              0	              0	              0	              0	              0	              0	              0	              0	              0	              0
	              0	              0	              0	              0	              0	              0	              0	              0	              0	              0	              0	              0	              0	              0	              0
	              0	              0	              0	              0	              0	              0	              0	              0	              0	              0	              0	              0	              0	              0	              0
	              0	              0	              0	              0	              0	              0	              0	              0	              0	              0	              0	              0	              0	              0	              0
	              0	              0	              0	              0	              0	              0	              0	              0	              0	              0	              0	              0	              0	              0	              0
	              0	              0	              0	              0	              0	              0	              0	              0	              0	              0	              0	              0	              0	              0	              0
	              0	              0	              0	              0	              0	              0	              0	              0	              0	              0	              0	              0	              0	              0	              0
	              0	              0	              0	              0	              0	              0	              0	              0	              0	              0	              0	              0	              0	              0	              0
	              0	              0	              0	              0	              0	              0	              0	              0	              0	              0	              0	              0	              0	              0	              0
	              0	              0	              0	              0	              0	              0	              0	              0	              0	              0	              0	              0	              0	              0	              0
	              0	              0	              0	              0	              0	              0	              0	              0	              0	              0	              0	              0	              0	              0	              0
invIMIS 1
	         1.0097	      -0.317211	       -33.1634	       0.144818	      -0.339913	      -0.532699	        3.10117	       0.149106	     -0.0529747	     -0.0976837	       0.324442	       0.440947	      0.0679814	       0.138713	       0.047132
	      -0.317211	        388.354	        451.457	         2.6711	       -9.63788	        27.1516	        -2.4609	       -1.09054	       -2.59521	        6.01986	        1.18706	      -0.252556	        5.98064	        -17.497	       -3.14022
	       -33.1634	        451.457	         105783	        8.35664	        133.789	       -267.658	        400.799	        7.90024	       -40.2109	       -71.5397	        30.0964	       -18.4485	        79.6647	       -40.9516	        12.8374
	       0.144818	         2.6711	        8.35664	        15.7019	       -1.17317	       -2.37638	        2.98939	     -0.0162859	       0.226385	        1.03779	       0.288244	     -0.0656984	      -0.763452	       -3.64059	      0.0175962
	      -0.339913	       -9.63788	        133.789	       -1.17317	        132.961	       -9.97959	       -2.95544	       0.564433	        2.88728	        1.56941	       -2.18651	      -0.933225	       -1.00407	       0.388741	       0.897209
	      -0.532699	        27.1516	       -267.658	       -2.37638	       -9.97959	        306.672	        30.4213	        2.68088	        1.14658	        1.01512	      -0.253973	         6.3933	        7.02457	      0.0773264	        1.84955
	        3.10117	        -2.4609	        400.799	        2.98939	       -2.95544	        30.4213	        72.9617	       -6.78266	        3.01289	        3.89686	       -8.47864	          -14.4	        8.46705	       -21.4889	       -8.14896
	       0.149106	       -1.09054	        7.90024	     -0.0162859	       0.564433	        2.68088	       -6.78266	        5.94423	       0.093972	       0.719531	      -0.449002	       -1.08825	      0.0556224	      -0.768742	      -0.604841
	     -0.0529747	       -2.59521	       -40.2109	       0.226385	        2.88728	        1.14658	        3.01289	       0.093972	        23.9704	       -1.46923	       0.231533	        1.12243	       0.369604	       0.211119	       0.115582
	     -0.0976837	        6.01986	       -71.5397	        1.03779	        1.56941	        1.01512	        3.89686	       0.719531	       -1.46923	         29.365	        2.35138	        2.87784	        1.21801	       0.476057	      0.0613768
	       0.324442	        1.18706	        30.0964	       0.288244	       -2.18651	      -0.253973	       -8.47864	      -0.449002	       0.231533	        2.35138	        17.1102	      0.0644756	       0.401364	      -0.454628	      -0.798028
	       0.440947	      -0.252556	       -18.4485	     -0.0656984	      -0.933225	         6.3933	          -14.4	       -1.08825	        1.12243	        2.87784	      0.0644756	        34.9791	        2.25672	        -4.1576	       -1.48912
	      0.0679814	        5.98064	        79.6647	      -0.763452	       -1.00407	        7.02457	        8.46705	      0.0556224	       0.369604	        1.21801	       0.401364	        2.25672	        131.601	       -5.19084	      -0.811665
	       0.138713	        -17.497	       -40.9516	       -3.64059	       0.388741	      0.0773264	       -21.4889	      -0.768742	       0.211119	       0.476057	      -0.454628	        -4.1576	       -5.19084	        219.594	       0.245264
	       0.047132	       -3.14022	        12.8374	      0.0175962	       0.897209	        1.84955	       -8.14896	      -0.604841	       0.115582	      0.0613768	      -0.798028	       -1.48912	      -0.811665	       0.245264	        11.6223
invIMIS 2
	        1.73704	      -0.581141	         -18.89	       0.327325	       -1.19928	       -2.37066	        4.24115	       0.589356	        0.49546	       0.126554	      -0.617063	       0.828517	      -0.527127	      -0.042719	       0.214381
	      -0.581141	        612.814	        584.445	       -3.11369	       -4.80724	        52.2663	       -5.35119	       -4.92002	       -8.64647	       0.117382	        5.29738	       -11.0797	        2.06219	       -11.0198	        1.05967
	         -18.89	        584.445	         160599	        42.9629	        16.9238	        378.785	        648.823	        5.63901	       -203.832	       -38.0388	        57.5377	        68.6755	        134.022	        208.753	         85.826
	       0.327325	       -3.11369	        42.9629	        25.9154	       -0.20871	         6.6954	        6.36524	       -1.06281	        -3.0544	       0.305577	        1.81225	      0.0136977	       -4.97401	       -6.19235	       0.550147
	       -1.19928	       -4.80724	        16.9238	       -0.20871	        221.869	       -39.0467	       -10.2876	        1.93675	        12.1552	        4.72419	       -4.14068	        3.59155	       -3.93678	       -5.03952	       0.628443
	       -2.37066	        52.2663	        378.785	         6.6954	       -39.0467	        447.277	        39.9155	        12.6113	        27.8846	        4.94598	       -13.2385	        12.4282	        12.9624	        7.97839	       -3.62179
	        4.24115	       -5.35119	        648.823	        6.36524	       -10.2876	        39.9155	        115.631	       -10.8202	      -0.149011	        9.75846	       -11.9949	       -19.2317	        6.24106	       -33.0971	       -12.6917
	       0.589356	       -4.92002	        5.63901	       -1.06281	        1.93675	        12.6113	       -10.8202	        8.57328	       -3.21594	      -0.767716	        1.77465	       -2.13809	        -1.9111	        4.88269	      -0.199985
	        0.49546	       -8.64647	       -203.832	        -3.0544	        12.1552	        27.8846	      -0.149011	       -3.21594	        29.3076	       -6.58004	        9.47513	        1.85264	       -5.86765	        5.29578	        2.45885
	       0.126554	       0.117382	       -38.0388	       0.305577	        4.72419	        4.94598	        9.75846	      -0.767716	       -6.58004	        47.4301	        6.41929	        4.24325	       -2.94479	        2.32539	       0.827566
	      -0.617063	        5.29738	        57.5377	        1.81225	       -4.14068	       -13.2385	       -11.9949	        1.77465	        9.47513	        6.41929	        23.6632	       -3.23699	        2.73313	       -1.83438	       -2.69543
	       0.828517	       -11.0797	        68.6755	      0.0136977	        3.59155	        12.4282	       -19.2317	       -2.13809	        1.85264	        4.24325	       -3.23699	        62.0156	        11.5209	       -11.1699	        -2.2995
	      -0.527127	        2.06219	        134.022	       -4.97401	       -3.93678	        12.9624	        6.24106	        -1.9111	       -5.86765	       -2.94479	        2.73313	        11.5209	        216.198	        -16.134	        -1.0755
	      -0.042719	       -11.0198	        208.753	       -6.19235	       -5.03952	        7.97839	       -33.0971	        4.88269	        5.29578	        2.32539	       -1.83438	       -11.1699	        -16.134	        338.753	         -1.834
	       0.214381	        1.05967	         85.826	       0.550147	       0.628443	       -3.62179	       -12.6917	      -0.199985	        2.45885	       0.827566	       -2.69543	        -2.2995	        -1.0755	         -1.834	        19.7147
invIMIS 3
	        3.21804	        1.21084	       -32.0433	        1.13921	       -3.73232	       -4.73253	        6.27639	        1.25224	       0.708094	       0.265587	      -0.518986	        1.31651	       -1.12863	      -0.125378	       0.662164
	        1.21084	        1045.58	        741.862	       0.927869	        1.27964	        79.5352	       -15.3288	       -8.68791	       -16.6509	        21.0534	        7.16653	       -5.72237	       -2.36301	       -22.1424	        10.2805
	       -32.0433	        741.862	         250590	       -235.995	        -185.67	        3638.23	        950.294	        139.585	       -118.069	        586.003	       -334.065	        -57.001	       -1097.62	        538.093	        398.877
	        1.13921	       0.927869	       -235.995	        46.5051	      -0.901699	        24.0483	        7.20105	      -0.835275	       -4.02595	        5.65479	        1.91223	        5.08952	       -9.75493	       -19.2369	        4.94027
	       -3.73232	        1.27964	        -185.67	      -0.901699	        367.295	       -43.4182	       -24.0249	        3.61204	        12.4382	        10.7986	       -10.7177	        8.61619	       -24.8522	       -30.8346	       -4.72798
	       -4.73253	        79.5352	        3638.23	        24.0483	       -43.4182	        528.251	        97.4338	        12.8039	        21.8805	       -46.4771	        1.86068	       -13.5701	        112.357	        5.06773	       -24.2777
	        6.27639	       -15.3288	        950.294	        7.20105	       -24.0249	        97.4338	        207.569	       -16.9636	        3.48932	        20.6762	       -20.3241	       -32.1689	        9.41276	       -41.3671	       -20.5789
	        1.25224	       -8.68791	        139.585	      -0.835275	        3.61204	        12.8039	       -16.9636	         14.602	       -6.43506	        -3.1858	        3.48002	       -4.86403	      -0.851124	        3.39164	       -1.28184
	       0.708094	       -16.6509	       -118.069	       -4.02595	        12.4382	        21.8805	        3.48932	       -6.43506	        47.9785	       -18.2469	        18.8595	      -0.439488	       -2.38707	        14.6051	      -0.379836
	       0.265587	        21.0534	        586.003	        5.65479	        10.7986	       -46.4771	        20.6762	        -3.1858	       -18.2469	         74.245	        14.9538	      -0.222929	         11.923	       -5.58962	       0.514348
	      -0.518986	        7.16653	       -334.065	        1.91223	       -10.7177	        1.86068	       -20.3241	        3.48002	        18.8595	        14.9538	        37.0738	        1.12003	       -5.20523	       -10.6107	       -1.95769
	        1.31651	       -5.72237	        -57.001	        5.08952	        8.61619	       -13.5701	       -32.1689	       -4.86403	      -0.439488	      -0.222929	        1.12003	        105.041	        23.6745	       -23.0218	       -4.07796
	       -1.12863	       -2.36301	       -1097.62	       -9.75493	       -24.8522	        112.357	        9.41276	      -0.851124	       -2.38707	         11.923	       -5.20523	        23.6745	        362.697	        -26.762	        4.85629
	      -0.125378	       -22.1424	        538.093	       -19.2369	       -30.8346	        5.06773	       -41.3671	        3.39164	        14.6051	       -5.58962	       -10.6107	       -23.0218	        -26.762	        649.647	        -1.8444
	       0.662164	        10.2805	        398.877	        4.94027	       -4.72798	       -24.2777	       -20.5789	       -1.28184	      -0.379836	       0.514348	       -1.95769	       -4.07796	        4.85629	        -1.8444	        35.6547
invIMIS 4
	        12.3709	       -9.94417	        -283.19	        3.93197	       -14.6239	        9.94584	        26.9467	        2.84742	        9.21303	        2.25659	        1.32851	        5.66271	        11.0656	        3.56473	       -4.95546
	       -9.94417	        3936.24	        3440.13	       -34.2949	        205.588	        335.473	        14.7273	       -71.8041	        3.48089	        196.739	        52.6732	        77.9492	       -255.658	        171.514	       -62.5811
	        -283.19	        3440.13	         982782	       -301.587	       -4000.09	          19830	        6841.64	        421.343	        219.179	        2432.15	       -787.035	       -3659.17	        1134.28	       -336.607	        841.878
	        3.93197	       -34.2949	       -301.587	        188.614	         39.482	         90.349	        30.1053	       -4.75305	       -18.0419	         32.516	       -4.69755	        45.0261	       -92.1427	       -29.5918	        2.34277
	       -14.6239	        205.588	       -4000.09	         39.482	        1226.28	       -41.4712	       -53.3145	        22.8888	        16.8194	       -32.1233	        -57.612	       -66.6656	        117.694	       -374.501	        1.19279
	        9.94584	        335.473	          19830	         90.349	       -41.4712	        1754.55	        350.576	        74.5796	       -52.1586	       -189.587	       -96.7436	        40.9296	        132.775	         25.699	       -7.99878
	        26.9467	        14.7273	        6841.64	        30.1053	       -53.3145	        350.576	        943.118	       -61.6294	       -12.6766	        79.3059	       -120.944	       -110.117	       -51.8689	       -171.762	        -70.576
	        2.84742	       -71.8041	        421.343	       -4.75305	        22.8888	        74.5796	       -61.6294	        59.0933	       -18.9776	       -2.05346	        19.6104	       -6.24279	        39.0918	        39.6373	       -13.5712
	        9.21303	        3.48089	        219.179	       -18.0419	        16.8194	       -52.1586	       -12.6766	       -18.9776	        181.424	       -95.0109	        50.8647	       -11.1917	       -91.6803	        6.42612	        35.3833
	        2.25659	        196.739	        2432.15	         32.516	       -32.1233	       -189.587	        79.3059	       -2.05346	       -95.0109	        304.557	        54.5847	       -65.6402	        22.5429	       -99.0166	        22.1292
	        1.32851	        52.6732	       -787.035	       -4.69755	        -57.612	       -96.7436	       -120.944	        19.6104	        50.8647	        54.5847	        159.101	        15.0053	       -99.4846	       -43.0852	        18.3167
	        5.66271	        77.9492	       -3659.17	        45.0261	       -66.6656	        40.9296	       -110.117	       -6.24279	       -11.1917	       -65.6402	        15.0053	        372.537	        288.925	       -305.803	        14.6155
	        11.0656	       -255.658	        1134.28	       -92.1427	        117.694	        132.775	       -51.8689	        39.0918	       -91.6803	        22.5429	       -99.4846	        288.925	        1121.02	        223.979	        65.5887
	        3.56473	        171.514	       -336.607	       -29.5918	       -374.501	         25.699	       -171.762	        39.6373	        6.42612	       -99.0166	       -43.0852	       -305.803	        223.979	        2227.42	        70.2366
	       -4.95546	       -62.5811	        841.878	        2.34277	        1.19279	       -7.99878	        -70.576	       -13.5712	        35.3833	        22.1292	        18.3167	        14.6155	        65.5887	        70.2366	        105.765
invIMIS 5
	        26.3512	        33.7309	       -968.517	        7.94482	       -37.8529	        3.68314	        32.5098	       0.274015	        11.6102	        -4.6146	        7.25474	        14.4089	       -9.31773	        33.3295	        -14.249
	        33.7309	        5620.65	          16083	       -76.3047	       -18.6642	         320.83	        470.183	       -46.2919	       -121.527	        531.772	       -252.617	       -304.139	        57.9547	        432.755	       -182.708
	       -968.517	          16083	   1.68647e+006	       -1444.28	        2478.51	        34466.7	        7129.22	        623.822	        2866.72	        3376.29	        1919.69	       -656.603	        5471.42	       -6619.13	        3123.05
	        7.94482	       -76.3047	       -1444.28	        388.196	        86.1227	        171.343	        79.9394	       -17.7293	       -6.57975	        90.3043	         20.543	        85.4056	       -153.818	       -55.3963	         21.196
	       -37.8529	       -18.6642	        2478.51	        86.1227	        2364.54	       -194.704	       -19.7877	        25.3717	         17.958	       -22.3583	        -161.77	       -272.122	       -66.9344	       -929.722	       -8.14916
	        3.68314	         320.83	        34466.7	        171.343	       -194.704	        3637.23	        648.339	        137.364	       -163.952	       -299.893	       -247.999	       -16.7934	        159.844	       -10.6726	        23.2725
	        32.5098	        470.183	        7129.22	        79.9394	       -19.7877	        648.339	         1571.6	        -122.48	       -106.946	        72.4859	       -126.294	       -79.9186	       -322.522	       -18.8054	       -107.443
	       0.274015	       -46.2919	        623.822	       -17.7293	        25.3717	        137.364	        -122.48	        104.794	       -15.1147	       -10.1559	        54.8129	       -29.6022	        4.89414	        36.4733	       -20.6367
	        11.6102	       -121.527	        2866.72	       -6.57975	         17.958	       -163.952	       -106.946	       -15.1147	        288.536	       -187.431	        66.5334	       -89.6957	        -184.28	        351.822	        45.2721
	        -4.6146	        531.772	        3376.29	        90.3043	       -22.3583	       -299.893	        72.4859	       -10.1559	       -187.431	        565.842	        135.071	       -84.1471	       -59.2274	        -184.97	        26.4148
	        7.25474	       -252.617	        1919.69	         20.543	        -161.77	       -247.999	       -126.294	        54.8129	        66.5334	        135.071	        236.081	       -79.1475	       -237.111	       -72.3066	         32.355
	        14.4089	       -304.139	       -656.603	        85.4056	       -272.122	       -16.7934	       -79.9186	       -29.6022	       -89.6957	       -84.1471	       -79.1475	        611.471	          531.1	       -463.121	        10.5663
	       -9.31773	        57.9547	        5471.42	       -153.818	       -66.9344	        159.844	       -322.522	        4.89414	        -184.28	       -59.2274	       -237.111	          531.1	        1840.24	        552.266	        149.794
	        33.3295	        432.755	       -6619.13	       -55.3963	       -929.722	       -10.6726	       -18.8054	        36.4733	        351.822	        -184.97	       -72.3066	       -463.121	        552.266	        3762.44	        142.924
	        -14.249	       -182.708	        3123.05	         21.196	       -8.14916	        23.2725	       -107.443	       -20.6367	        45.2721	        26.4148	         32.355	        10.5663	        149.794	        142.924	        194.147
invIMIS 6
	        40.4435	        83.4963	       -1322.94	        17.4664	       -73.4477	        13.6817	         54.815	       -2.17275	        11.3352	       -3.08909	        6.15168	        5.64062	        -41.466	        83.0699	       -26.1151
	        83.4963	        9560.49	        15235.6	       -112.433	       -201.702	        585.039	        822.753	       -163.977	       -116.063	        875.078	       -392.985	       -403.699	       -70.1189	        657.173	       -325.317
	       -1322.94	        15235.6	   2.48967e+006	       -5609.82	       -1379.87	        55593.7	        2236.57	        2623.51	        5464.56	        6885.89	        5879.93	        3667.51	        21870.4	       -12391.8	        4715.81
	        17.4664	       -112.433	       -5609.82	        591.968	        115.064	        179.449	         53.853	       -6.03857	       -11.0383	        150.764	        72.3721	        151.526	        -200.59	       -137.211	        4.25554
	       -73.4477	       -201.702	       -1379.87	        115.064	         4526.1	       -326.864	       -279.075	        105.009	        56.7323	       -84.1918	       -290.163	       -531.354	         22.031	        -1375.2	       -33.2134
	        13.6817	        585.039	        55593.7	        179.449	       -326.864	         6321.7	         894.49	        290.655	       -132.481	       -615.566	       -382.944	        116.932	        613.298	       -171.894	        36.3168
	         54.815	        822.753	        2236.57	         53.853	       -279.075	         894.49	        2305.17	       -195.533	       -87.3931	        143.729	       -96.5491	       -84.3919	       -410.245	         140.64	       -194.996
	       -2.17275	       -163.977	        2623.51	       -6.03857	        105.009	        290.655	       -195.533	        187.184	        -30.279	       -44.5915	        71.8424	       -72.2198	       -4.63009	        110.211	        -31.778
	        11.3352	       -116.063	        5464.56	       -11.0383	        56.7323	       -132.481	       -87.3931	        -30.279	        452.937	        -321.95	         58.145	       -185.924	       -365.248	        620.804	        68.4636
	       -3.08909	        875.078	        6885.89	        150.764	       -84.1918	       -615.566	        143.729	       -44.5915	        -321.95	        946.848	        214.722	       -131.867	       -125.935	       -327.175	        43.8365
	        6.15168	       -392.985	        5879.93	        72.3721	       -290.163	       -382.944	       -96.5491	        71.8424	         58.145	        214.722	        360.877	       -147.143	       -489.824	       -113.495	        42.5725
	        5.64062	       -403.699	        3667.51	        151.526	       -531.354	        116.932	       -84.3919	       -72.2198	       -185.924	       -131.867	       -147.143	        1035.96	        844.354	       -829.703	        33.6605
	        -41.466	       -70.1189	        21870.4	        -200.59	         22.031	        613.298	       -410.245	       -4.63009	       -365.248	       -125.935	       -489.824	        844.354	         3074.9	        883.932	        304.792
	        83.0699	        657.173	       -12391.8	       -137.211	        -1375.2	       -171.894	         140.64	        110.211	        620.804	       -327.175	       -113.495	       -829.703	        883.932	        6177.96	        312.629
	       -26.1151	       -325.317	        4715.81	        4.25554	       -33.2134	        36.3168	       -194.996	        -31.778	        68.4636	        43.8365	        42.5725	        33.6605	        304.792	        312.629	        314.047
invIMIS 7
	        131.054	        372.765	       -5674.18	        25.3551	       -286.596	        92.2282	         73.972	       -5.67483	       -43.0167	       -8.73191	       -48.6378	        52.0715	        121.657	        246.475	       -53.0726
	        372.765	        24255.2	       -217.431	       -334.695	       -5009.23	       -2082.19	        1419.63	       -1213.09	        1588.84	        254.542	       -1047.75	       -321.955	       -859.964	        5051.75	       -359.327
	       -5674.18	       -217.431	   7.66971e+006	       -4230.95	       -28649.9	         169732	        16355.2	         9137.3	        13766.6	        40240.9	          36247	        17004.6	          19330	       -50167.4	        16712.9
	        25.3551	       -334.695	       -4230.95	        1478.33	        634.797	       -652.911	       -393.624	        108.836	        57.7231	        541.267	        419.298	        482.948	        90.2614	       -78.7707	        312.279
	       -286.596	       -5009.23	       -28649.9	        634.797	        12697.8	       -1585.36	       -1317.23	        95.0428	       -301.561	        7.35552	         -467.1	       -674.274	       -987.973	       -7397.22	        429.069
	        92.2282	       -2082.19	         169732	       -652.911	       -1585.36	        14819.5	         1965.7	        1204.94	        852.339	       -2361.56	        335.826	       -11.0826	        863.275	        1911.71	        1197.32
	         73.972	        1419.63	        16355.2	       -393.624	       -1317.23	         1965.7	        6699.49	       -678.266	       -453.085	        265.469	       -520.728	         217.53	        1071.14	        671.916	       -160.525
	       -5.67483	       -1213.09	         9137.3	        108.836	        95.0428	        1204.94	       -678.266	        604.177	       -63.2659	       -302.456	        258.333	       -124.572	        -156.09	        129.862	       -109.389
	       -43.0167	        1588.84	        13766.6	        57.7231	       -301.561	        852.339	       -453.085	       -63.2659	        656.761	       -205.171	       -6.48064	       -437.727	       -570.433	        1187.97	        319.365
	       -8.73191	        254.542	        40240.9	        541.267	        7.35552	       -2361.56	        265.469	       -302.456	       -205.171	        1978.91	         510.52	       -191.721	       -21.3445	       -247.227	        108.224
	       -48.6378	       -1047.75	          36247	        419.298	         -467.1	        335.826	       -520.728	        258.333	       -6.48064	         510.52	        791.887	       -265.494	       -562.262	       -593.315	        58.0518
	        52.0715	       -321.955	        17004.6	        482.948	       -674.274	       -11.0826	         217.53	       -124.572	       -437.727	       -191.721	       -265.494	        2970.03	        2103.26	       -2382.42	        -89.785
	        121.657	       -859.964	          19330	        90.2614	       -987.973	        863.275	        1071.14	        -156.09	       -570.433	       -21.3445	       -562.262	        2103.26	        4686.71	        2185.21	        349.787
	        246.475	        5051.75	       -50167.4	       -78.7707	       -7397.22	        1911.71	        671.916	        129.862	        1187.97	       -247.227	       -593.315	       -2382.42	        2185.21	        18877.5	        857.991
	       -53.0726	       -359.327	        16712.9	        312.279	        429.069	        1197.32	       -160.525	       -109.389	        319.365	        108.224	        58.0518	        -89.785	        349.787	        857.991	        776.687
invIMIS 8
	        525.725	        1309.18	       -15625.3	        370.764	       -690.685	       -247.886	       -427.295	        88.2338	       -155.713	        163.435	        123.601	        228.661	         292.25	        440.641	       -342.429
	        1309.18	        64367.5	         363035	       -2663.53	         -18021	        3446.63	        5339.74	       -678.508	        2418.81	        4753.07	        1495.28	       -1182.71	       -7039.16	       -4077.48	       -5237.39
	       -15625.3	         363035	   2.05379e+007	       -48048.5	       -54031.1	         561043	         176736	        3577.29	          42947	        43189.6	        72795.4	        18647.9	         -61420	        -215622	        16507.3
	        370.764	       -2663.53	       -48048.5	        5944.27	        -18.337	       -2982.09	        1115.19	       -607.223	       -132.705	        2591.63	         1158.4	        3422.31	        1944.61	       -907.596	        1442.32
	       -690.685	         -18021	       -54031.1	        -18.337	        39883.5	        564.377	       -7237.66	       -860.267	         1663.5	       -2490.36	       -4206.46	        694.145	       -1052.35	       -20738.7	         3235.8
	       -247.886	        3446.63	         561043	       -2982.09	        564.377	        47600.5	        4630.78	        5112.59	        1946.51	       -9858.64	        1637.38	       -260.268	        813.518	       -5621.97	        2381.27
	       -427.295	        5339.74	         176736	        1115.19	       -7237.66	        4630.78	        14514.5	       -138.997	       -263.414	        563.619	        794.274	        -190.18	        533.763	        1006.62	       -1872.48
	        88.2338	       -678.508	        3577.29	       -607.223	       -860.267	        5112.59	       -138.997	        1415.46	       -247.933	       -1527.21	       -219.344	        105.474	        1385.91	        2423.69	        175.526
	       -155.713	        2418.81	          42947	       -132.705	         1663.5	        1946.51	       -263.414	       -247.933	        1733.47	       -470.602	       -24.5618	       -832.823	       -1747.88	       -858.921	        448.691
	        163.435	        4753.07	        43189.6	        2591.63	       -2490.36	       -9858.64	        563.619	       -1527.21	       -470.602	        6138.66	         1172.5	        245.938	       -847.005	         1012.2	        224.823
	        123.601	        1495.28	        72795.4	         1158.4	       -4206.46	        1637.38	        794.274	       -219.344	       -24.5618	         1172.5	        1830.41	        -171.97	       -822.059	       -35.3672	        528.174
	        228.661	       -1182.71	        18647.9	        3422.31	        694.145	       -260.268	        -190.18	        105.474	       -832.823	        245.938	        -171.97	        6938.27	        3351.11	       -3954.05	        201.906
	         292.25	       -7039.16	         -61420	        1944.61	       -1052.35	        813.518	        533.763	        1385.91	       -1747.88	       -847.005	       -822.059	        3351.11	        9386.18	        8693.69	        169.709
	        440.641	       -4077.48	        -215622	       -907.596	       -20738.7	       -5621.97	        1006.62	        2423.69	       -858.921	         1012.2	       -35.3672	       -3954.05	        8693.69	        37501.1	       -1318.09
	       -342.429	       -5237.39	        16507.3	        1442.32	         3235.8	        2381.27	       -1872.48	        175.526	        448.691	        224.823	        528.174	        201.906	        169.709	       -1318.09	        2618.12
invIMIS 9
	           1654	        2937.88	       -18080.7	        178.292	       -861.509	        662.028	       -3219.61	        267.745	        116.523	        -2.0002	        344.002	        458.573	         205.07	        698.219	       -766.653
	        2937.88	        37626.7	         235848	        6.64697	       -19974.5	        10325.2	        3785.64	       -504.687	        2060.78	        1211.57	        1952.92	       -1558.05	       -3105.55	        12827.7	       -3405.75
	       -18080.7	         235848	   1.25702e+007	        669.307	        -159245	         304097	         185943	       -24539.9	        13732.5	        94727.8	        46819.1	       -47258.6	       -68171.6	       -82121.8	        43969.3
	        178.292	        6.64697	        669.307	        3909.07	       -2213.49	       -3850.78	        2917.24	        -394.47	       -760.813	        2054.68	        1259.05	        1765.91	        1218.33	       -1421.01	       -2.15555
	       -861.509	       -19974.5	        -159245	       -2213.49	        50802.9	       -8478.52	       -18218.8	       -757.813	        2083.49	       -2141.14	       -5174.28	        134.558	       -3234.68	         -26734	        4297.69
	        662.028	        10325.2	         304097	       -3850.78	       -8478.52	        35135.5	        4158.01	        2174.75	        2034.75	       -6215.11	        744.103	       -3421.33	       -2151.54	         4765.5	        1248.86
	       -3219.61	        3785.64	         185943	        2917.24	       -18218.8	        4158.01	        22952.5	       -380.954	       -1810.83	        1924.24	         2300.9	       -716.631	        924.971	        6677.59	       -586.067
	        267.745	       -504.687	       -24539.9	        -394.47	       -757.813	        2174.75	       -380.954	        922.425	       -191.759	       -978.374	       -109.499	        79.2583	         802.05	        1722.02	       -25.0782
	        116.523	        2060.78	        13732.5	       -760.813	        2083.49	        2034.75	       -1810.83	       -191.759	        1379.85	        -571.17	       -692.735	       -546.645	       -1277.37	        520.226	        421.525
	        -2.0002	        1211.57	        94727.8	        2054.68	       -2141.14	       -6215.11	        1924.24	       -978.374	        -571.17	        4988.49	        1167.13	       -363.393	        35.6989	        87.7645	        552.789
	        344.002	        1952.92	        46819.1	        1259.05	       -5174.28	        744.103	         2300.9	       -109.499	       -692.735	        1167.13	        1705.38	       -460.628	        205.388	        1428.27	       -284.047
	        458.573	       -1558.05	       -47258.6	        1765.91	        134.558	       -3421.33	       -716.631	        79.2583	       -546.645	       -363.393	       -460.628	        4395.94	        1641.58	       -4506.03	       -882.291
	         205.07	       -3105.55	       -68171.6	        1218.33	       -3234.68	       -2151.54	        924.971	         802.05	       -1277.37	        35.6989	        205.388	        1641.58	         5326.5	        3303.46	       -371.503
	        698.219	        12827.7	       -82121.8	       -1421.01	         -26734	         4765.5	        6677.59	        1722.02	        520.226	        87.7645	        1428.27	       -4506.03	        3303.46	        33100.3	       -1582.65
	       -766.653	       -3405.75	        43969.3	       -2.15555	        4297.69	        1248.86	       -586.067	       -25.0782	        421.525	        552.789	       -284.047	       -882.291	       -371.503	       -1582.65	        2396.64
invIMIS 10
	        3827.98	        4045.64	       -23153.5	       -112.582	       -3499.55	        2179.14	       -8070.64	        520.486	       -465.413	        389.619	        1291.98	        314.043	        403.577	        1288.92	       -1377.16
	        4045.64	          50318	         567354	       -658.808	       -41470.2	        13241.2	        13776.1	       -9.94233	       -1807.59	        7995.05	        6318.05	       -786.791	        -1954.3	        21638.7	       -5137.81
	       -23153.5	         567354	   2.97414e+007	       -32366.3	        -356415	         474170	         268265	       -62905.3	        24100.8	         226128	         106040	       -89645.9	        -242799	       -69105.5	        62613.5
	       -112.582	       -658.808	       -32366.3	         3519.3	       -8112.38	       -6763.76	        2858.17	       -145.819	       -1471.61	        2993.94	        1667.96	        1141.83	         1702.2	        1116.81	       -457.732
	       -3499.55	       -41470.2	        -356415	       -8112.38	         113160	       -13357.6	       -35902.2	       -2302.57	        7956.76	       -13039.2	       -12710.5	       -1384.35	       -5683.24	       -45366.1	        7723.69
	        2179.14	        13241.2	         474170	       -6763.76	       -13357.6	        51076.5	        7170.25	        2141.81	        3954.62	       -9331.76	         80.278	       -6179.93	       -7173.77	        8166.15	        1250.14
	       -8070.64	        13776.1	         268265	        2858.17	       -35902.2	        7170.25	        48121.2	        134.633	       -2219.39	        3327.92	        2275.94	       -2172.85	       -29.8029	        20887.3	        -38.346
	        520.486	       -9.94233	       -62905.3	       -145.819	       -2302.57	        2141.81	        134.633	        1472.89	        -299.65	       -1555.69	       -251.035	        875.141	        1591.83	        2844.16	       -357.759
	       -465.413	       -1807.59	        24100.8	       -1471.61	        7956.76	        3954.62	       -2219.39	        -299.65	         2818.4	       -2421.16	       -1571.45	       -1279.97	       -2087.81	        -1000.9	        808.488
	        389.619	        7995.05	         226128	        2993.94	       -13039.2	       -9331.76	        3327.92	       -1555.69	       -2421.16	        9249.99	        3222.86	         573.14	       -340.793	         35.099	       -469.161
	        1291.98	        6318.05	         106040	        1667.96	       -12710.5	         80.278	        2275.94	       -251.035	       -1571.45	        3222.86	        3173.08	       -627.826	        309.862	        2874.18	       -1098.89
	        314.043	       -786.791	       -89645.9	        1141.83	       -1384.35	       -6179.93	       -2172.85	        875.141	       -1279.97	         573.14	       -627.826	        5181.76	        1333.98	        -1960.1	       -191.865
	        403.577	        -1954.3	        -242799	         1702.2	       -5683.24	       -7173.77	       -29.8029	        1591.83	       -2087.81	       -340.793	        309.862	        1333.98	        7318.96	           8419	       -1828.29
	        1288.92	        21638.7	       -69105.5	        1116.81	       -45366.1	        8166.15	        20887.3	        2844.16	        -1000.9	         35.099	        2874.18	        -1960.1	           8419	        43637.4	       -5890.05
