invIMIS 0
	              0	              0	              0	              0	              0	              0	              0	              0	              0	              0	              0	              0	              0	              0	              0
	              0	              0	              0	              0	              0	              0	              0	              0	              0	              0	              0	              0	              0	              0	              0
	              0	              0	              0	              0	              0	              0	              0	              0	              0	              0	              0	              0	              0	              0	              0
	              0	              0	              0	              0	              0	              0	              0	              0	              0	              0	              0	              0	              0	              0	              0
	              0	              0	              0	              0	              0	              0	              0	              0	              0	              0	              0	              0	              0	              0	              0
	              0	              0	              0	              0	              0	              0	              0	              0	              0	              0	              0	              0	              0	              0	              0
	              0	              0	              0	              0	              0	              0	              0	              0	              0	              0	              0	              0	              0	              0	              0
	              0	              0	              0	              0	              0	              0	              0	              0	              0	              0	              0	              0	              0	              0	              0
	              0	              0	              0	              0	              0	              0	              0	              0	              0	              0	              0	              0	              0	              0	              0
	              0	              0	              0	              0	              0	              0	              0	              0	              0	              0	              0	              0	              0	              0	              0
	              0	              0	              0	              0	              0	              0	              0	              0	              0	              0	              0	              0	              0	              0	              0
	              0	              0	              0	              0	              0	              0	              0	              0	              0	              0	              0	              0	              0	              0	              0
	              0	              0	              0	              0	              0	              0	              0	              0	              0	              0	              0	              0	              0	              0	              0
	              0	              0	              0	              0	              0	              0	              0	              0	              0	              0	              0	              0	              0	              0	              0
	              0	              0	              0	              0	              0	              0	              0	              0	              0	              0	              0	              0	              0	              0	              0
invIMIS 1
	        12.1127	       0.304271	      -0.210958	      -0.696619	      -0.173265	       0.473767	       0.415145	      -0.114773	      -0.948437	        0.35136	        -1.1854	      -0.217121	       0.588156	      -0.840086	      -0.235931
	       0.304271	        56.3007	        1.26549	        3.03723	      -0.545039	      -0.290418	      -0.293153	      0.0619421	        -3.9479	        1.09771	        2.29535	       0.613798	       0.496191	       0.840314	       -0.35607
	      -0.210958	        1.26549	         41.713	      -0.094564	       0.626336	       0.474514	       0.614751	      -0.623885	        4.38508	       -1.03267	       -1.14784	       -1.30778	      -0.159386	      -0.214638	       0.460924
	      -0.696619	        3.03723	      -0.094564	        67.3127	       0.417463	       -8.35688	      -0.170143	       0.578949	       -21.0921	       -2.31826	       0.974689	        2.99873	        -3.4894	        5.76513	      -0.157801
	      -0.173265	      -0.545039	       0.626336	       0.417463	        12.9627	        2.40498	       0.484159	       0.133095	        7.67576	        1.18257	      -0.270288	      -0.826956	         1.3653	       -1.93439	     -0.0178763
	       0.473767	      -0.290418	       0.474514	       -8.35688	        2.40498	        45.0231	       0.383081	      -0.286432	        -12.983	       -3.85625	        1.58064	        2.43551	       -3.41096	        4.62735	       0.866023
	       0.415145	      -0.293153	       0.614751	      -0.170143	       0.484159	       0.383081	        15.1288	      -0.179174	        1.68162	      -0.166284	       -1.58186	       0.195611	       0.310217	      -0.737104	       0.268408
	      -0.114773	      0.0619421	      -0.623885	       0.578949	       0.133095	      -0.286432	      -0.179174	        1.69923	       -1.80244	      0.0747568	       0.624678	        0.20621	      -0.311377	       0.928101	      -0.132302
	      -0.948437	        -3.9479	        4.38508	       -21.0921	        7.67576	        -12.983	        1.68162	       -1.80244	        162.617	       -5.38315	        5.19899	        4.94076	       -14.8727	        21.8616	        3.31189
	        0.35136	        1.09771	       -1.03267	       -2.31826	        1.18257	       -3.85625	      -0.166284	      0.0747568	       -5.38315	        38.5058	        1.39467	       0.389332	       -1.87442	         3.5643	      -0.414195
	        -1.1854	        2.29535	       -1.14784	       0.974689	      -0.270288	        1.58064	       -1.58186	       0.624678	        5.19899	        1.39467	        36.8041	      -0.789294	       0.840975	      -0.502008	       0.251106
	      -0.217121	       0.613798	       -1.30778	        2.99873	      -0.826956	        2.43551	       0.195611	        0.20621	        4.94076	       0.389332	      -0.789294	        30.9125	        1.91797	       -4.32867	       0.154926
	       0.588156	       0.496191	      -0.159386	        -3.4894	         1.3653	       -3.41096	       0.310217	      -0.311377	       -14.8727	       -1.87442	       0.840975	        1.91797	        26.0881	        4.89642	        1.32341
	      -0.840086	       0.840314	      -0.214638	        5.76513	       -1.93439	        4.62735	      -0.737104	       0.928101	        21.8616	         3.5643	      -0.502008	       -4.32867	        4.89642	        44.4998	      -0.361003
	      -0.235931	       -0.35607	       0.460924	      -0.157801	     -0.0178763	       0.866023	       0.268408	      -0.132302	        3.31189	      -0.414195	       0.251106	       0.154926	        1.32341	      -0.361003	        4.74211
invIMIS 2
	        21.1582	        1.51412	       0.137336	       -1.08479	       -1.15816	       0.719925	        1.26082	      -0.229241	       -3.65846	        1.36442	      -0.608958	       0.464386	      -0.071921	      -0.383106	       0.143399
	        1.51412	        107.388	       -1.07996	        7.97108	       0.833403	       -1.84904	     -0.0248217	        0.11217	       -5.50896	      -0.689633	        5.47984	       -1.03106	       -2.81345	       -1.22869	        1.08816
	       0.137336	       -1.07996	        72.5841	        11.5473	        2.48456	       -3.76721	        3.10401	     -0.0248021	        12.0767	       -4.98818	       -8.03049	        4.15164	        2.61697	        2.60462	       0.551891
	       -1.08479	        7.97108	        11.5473	        81.7948	        1.04702	      -0.857696	       -10.8661	       0.274101	        -53.466	       -8.79417	        16.7194	       -12.8254	       -2.53477	        -10.299	        0.80085
	       -1.15816	       0.833403	        2.48456	        1.04702	         23.186	        4.88298	       -0.73567	     -0.0606535	        21.5902	       0.769743	       -1.03931	      -0.566004	       0.825503	       -2.33545	       0.342729
	       0.719925	       -1.84904	       -3.76721	      -0.857696	        4.88298	        79.2542	        4.12166	       0.494483	         -19.57	       -6.72721	       -4.93942	        7.63839	       -4.10003	        15.1451	       0.162607
	        1.26082	     -0.0248217	        3.10401	       -10.8661	       -0.73567	        4.12166	        24.7371	      -0.844066	       -6.38972	      -0.247897	        3.51262	       -2.68998	       0.837432	       -7.16025	        1.70718
	      -0.229241	        0.11217	     -0.0248021	       0.274101	     -0.0606535	       0.494483	      -0.844066	        3.14726	       -4.81629	      -0.469144	        1.20655	       0.442467	      -0.206144	        1.65652	      -0.160352
	       -3.65846	       -5.50896	        12.0767	        -53.466	        21.5902	         -19.57	       -6.38972	       -4.81629	        291.835	       -11.4913	        21.7525	       -8.85461	       -18.8978	        21.5989	        7.46084
	        1.36442	      -0.689633	       -4.98818	       -8.79417	       0.769743	       -6.72721	      -0.247897	      -0.469144	       -11.4913	        63.9855	      0.0983273	       -1.88959	       -5.12143	        4.66755	       -1.15078
	      -0.608958	        5.47984	       -8.03049	        16.7194	       -1.03931	       -4.93942	        3.51262	        1.20655	        21.7525	      0.0983273	        55.8537	        5.75991	        2.35965	        6.57657	      -0.751769
	       0.464386	       -1.03106	        4.15164	       -12.8254	      -0.566004	        7.63839	       -2.68998	       0.442467	       -8.85461	       -1.88959	        5.75991	        48.5938	        7.12666	       -15.3436	       0.875938
	      -0.071921	       -2.81345	        2.61697	       -2.53477	       0.825503	       -4.10003	       0.837432	      -0.206144	       -18.8978	       -5.12143	        2.35965	        7.12666	         45.271	        7.36291	        1.74682
	      -0.383106	       -1.22869	        2.60462	        -10.299	       -2.33545	        15.1451	       -7.16025	        1.65652	        21.5989	        4.66755	        6.57657	       -15.3436	        7.36291	        62.6185	      -0.473349
	       0.143399	        1.08816	       0.551891	        0.80085	       0.342729	       0.162607	        1.70718	      -0.160352	        7.46084	       -1.15078	      -0.751769	       0.875938	        1.74682	      -0.473349	        8.69318
invIMIS 3
	        35.7489	        10.3495	       -1.86883	      0.0414515	      -0.810816	        4.85412	       0.820057	       -1.45669	        2.62856	        5.61147	       -4.14464	       -2.04129	         4.4178	        2.59666	        2.59012
	        10.3495	        186.453	        6.20157	        24.2875	      -0.601186	       -13.4956	        3.64556	        4.43989	       -62.0861	       0.720982	        10.7481	        3.22001	       -11.9358	       -16.1263	       -2.27834
	       -1.86883	        6.20157	        118.682	        14.9691	        3.75389	       0.828811	        3.73088	       -2.99726	        47.4733	       -2.47379	       -17.3573	       0.435277	        10.2888	        15.6462	        3.77643
	      0.0414515	        24.2875	        14.9691	        151.766	        3.72608	       -2.96989	       -22.7182	      -0.772593	       -85.3429	       -9.01578	        23.4117	       -18.6848	       -2.21451	        -26.048	        4.37653
	      -0.810816	      -0.601186	        3.75389	        3.72608	        42.0754	        3.51664	       -2.55816	      0.0640163	        22.9856	       -1.32677	        -3.8498	       0.652192	        1.29954	       -12.4633	      -0.946084
	        4.85412	       -13.4956	       0.828811	       -2.96989	        3.51664	        128.333	        8.83761	        3.64569	       -50.2446	       -18.1193	       -7.68133	        14.4082	       -8.31353	        19.8817	       -3.28663
	       0.820057	        3.64556	        3.73088	       -22.7182	       -2.55816	        8.83761	        45.2277	       -1.58712	       -2.93901	        2.76038	        7.84907	       -1.15291	        4.56436	       -11.7423	        4.58542
	       -1.45669	        4.43989	       -2.99726	      -0.772593	      0.0640163	        3.64569	       -1.58712	        4.81912	        1.49011	        1.09801	        1.06303	      -0.404933	       0.930841	        5.32405	        0.79227
	        2.62856	       -62.0861	        47.4733	       -85.3429	        22.9856	       -50.2446	       -2.93901	        1.49011	        453.564	       -51.9346	        47.7847	       -11.2974	       -49.9237	        19.1318	        -2.7617
	        5.61147	       0.720982	       -2.47379	       -9.01578	       -1.32677	       -18.1193	        2.76038	        1.09801	       -51.9346	        114.616	        0.37141	       -4.65537	       -12.6209	       0.422543	       -4.76774
	       -4.14464	        10.7481	       -17.3573	        23.4117	        -3.8498	       -7.68133	        7.84907	        1.06303	        47.7847	        0.37141	        102.926	        17.8138	       0.512097	        13.5404	       0.666937
	       -2.04129	        3.22001	       0.435277	       -18.6848	       0.652192	        14.4082	       -1.15291	      -0.404933	       -11.2974	       -4.65537	        17.8138	        85.6765	        10.5102	       -25.5888	        2.38048
	         4.4178	       -11.9358	        10.2888	       -2.21451	        1.29954	       -8.31353	        4.56436	       0.930841	       -49.9237	       -12.6209	       0.512097	        10.5102	        81.4523	        8.44583	       0.436072
	        2.59666	       -16.1263	        15.6462	        -26.048	       -12.4633	        19.8817	       -11.7423	        5.32405	        19.1318	       0.422543	        13.5404	       -25.5888	        8.44583	        110.967	       -5.98352
	        2.59012	       -2.27834	        3.77643	        4.37653	      -0.946084	       -3.28663	        4.58542	        0.79227	        -2.7617	       -4.76774	       0.666937	        2.38048	       0.436072	       -5.98352	        14.7978
invIMIS 4
	        211.012	        66.8066	       -28.7848	        16.0749	        6.36047	       -14.8751	       -10.3492	       -15.0285	       -11.5629	        73.6072	       -8.46646	       -69.1458	       -21.2779	        30.4289	        8.04107
	        66.8066	        1065.96	        26.7198	        142.352	       -11.6562	       -93.3596	        35.4645	         22.667	       -279.266	       -6.47629	        89.5925	        50.2877	       -38.2647	       -105.849	      -0.962519
	       -28.7848	        26.7198	        551.075	        -105.51	       -60.9208	        96.0023	         121.38	       -23.8566	       -17.2772	        12.5677	       -189.708	       -114.839	       -2.43253	        129.978	        60.9262
	        16.0749	        142.352	        -105.51	        814.927	       -49.1326	        49.5439	       -80.3547	       -8.66401	       -663.834	        90.6001	        124.086	       -129.779	       -44.7575	       -86.2658	        56.4996
	        6.36047	       -11.6562	       -60.9208	       -49.1326	         207.24	         117.71	        26.5859	        11.0672	        52.0694	       -47.2999	       -50.4571	        29.5591	        11.5233	       -62.9534	        12.7328
	       -14.8751	       -93.3596	        96.0023	        49.5439	         117.71	        650.126	        19.9731	        20.6454	       -170.626	       -34.8551	        4.26932	         45.316	        -110.48	          109.6	        -65.487
	       -10.3492	        35.4645	         121.38	       -80.3547	        26.5859	        19.9731	        185.109	       -5.68721	        95.8114	       -72.3797	        15.0344	        5.67104	        44.9448	       -55.7379	        15.8235
	       -15.0285	         22.667	       -23.8566	       -8.66401	        11.0672	        20.6454	       -5.68721	        30.8435	        9.11594	        14.0708	        7.17608	       -9.51932	         1.1772	        31.2268	         4.7106
	       -11.5629	       -279.266	       -17.2772	       -663.834	        52.0694	       -170.626	        95.8114	        9.11594	        2535.66	       -297.103	        159.009	       -229.802	       -495.613	        25.8842	       -2.69645
	        73.6072	       -6.47629	        12.5677	        90.6001	       -47.2999	       -34.8551	       -72.3797	        14.0708	       -297.103	        549.045	       -72.7339	       -51.2296	       -22.2074	        31.9817	       -3.48694
	       -8.46646	        89.5925	       -189.708	        124.086	       -50.4571	        4.26932	        15.0344	        7.17608	        159.009	       -72.7339	        597.067	        129.374	        30.0661	        75.4091	        12.9635
	       -69.1458	        50.2877	       -114.839	       -129.779	        29.5591	         45.316	        5.67104	       -9.51932	       -229.802	       -51.2296	        129.374	        450.618	         2.2687	       -164.855	        7.77783
	       -21.2779	       -38.2647	       -2.43253	       -44.7575	        11.5233	        -110.48	        44.9448	         1.1772	       -495.613	       -22.2074	        30.0661	         2.2687	        467.254	        49.7907	        2.14786
	        30.4289	       -105.849	        129.978	       -86.2658	       -62.9534	          109.6	       -55.7379	        31.2268	        25.8842	        31.9817	        75.4091	       -164.855	        49.7907	        650.934	       -37.5061
	        8.04107	      -0.962519	        60.9262	        56.4996	        12.7328	        -65.487	        15.8235	         4.7106	       -2.69645	       -3.48694	        12.9635	        7.77783	        2.14786	       -37.5061	        78.7237
invIMIS 5
	        285.777	        143.656	       -18.2861	           39.8	       -27.1674	       -56.4614	       -22.6077	       -42.3127	       -18.4685	         77.358	       -47.4738	        -129.89	       -46.7166	       -15.1975	       -24.4622
	        143.656	        1097.47	        82.0476	        165.203	        162.475	        60.0537	        42.9969	        15.6255	       -428.188	        30.3829	        49.5834	        141.839	       -117.362	       -207.984	        88.5665
	       -18.2861	        82.0476	        839.638	       -142.942	        -72.808	        48.9582	        93.6173	       -56.9629	       -204.959	         96.163	       -359.584	       -145.358	        34.4584	        125.713	         82.219
	           39.8	        165.203	       -142.942	        1150.84	       -90.0385	        92.2281	       -46.8188	        21.2086	       -935.831	        177.459	        198.453	       -189.606	       -19.2717	       -3.16156	        73.5852
	       -27.1674	        162.475	        -72.808	       -90.0385	        265.152	        166.769	        44.7975	        31.0838	        59.7778	        -18.272	       -52.4232	        50.7439	        42.7885	       -32.9145	       -9.26521
	       -56.4614	        60.0537	        48.9582	        92.2281	        166.769	        1023.74	        27.4143	        41.8031	        -402.25	       -24.7675	        17.5016	        96.5018	       -119.944	        139.281	       -130.943
	       -22.6077	        42.9969	        93.6173	       -46.8188	        44.7975	        27.4143	        185.048	       -18.0488	       -146.276	       -128.829	        -71.986	       -1.37284	        91.9798	       -125.616	        16.6565
	       -42.3127	        15.6255	       -56.9629	        21.2086	        31.0838	        41.8031	       -18.0488	        37.2691	        35.5809	       -7.01553	        29.2013	        11.8557	       -16.8259	       -12.5196	        -6.1166
	       -18.4685	       -428.188	       -204.959	       -935.831	        59.7778	        -402.25	       -146.276	        35.5809	        4134.33	       -281.718	        43.5346	       -399.534	       -733.823	       -18.4679	       -1.13004
	         77.358	        30.3829	         96.163	        177.459	        -18.272	       -24.7675	       -128.829	       -7.01553	       -281.718	        584.504	       -80.0275	        -87.342	       -73.4195	        -65.481	       -2.63834
	       -47.4738	        49.5834	       -359.584	        198.453	       -52.4232	        17.5016	        -71.986	        29.2013	        43.5346	       -80.0275	        804.605	        202.909	        120.767	        135.428	        29.9961
	        -129.89	        141.839	       -145.358	       -189.606	        50.7439	        96.5018	       -1.37284	        11.8557	       -399.534	        -87.342	        202.909	        673.589	        44.0363	       -78.0015	         38.025
	       -46.7166	       -117.362	        34.4584	       -19.2717	        42.7885	       -119.944	        91.9798	       -16.8259	       -733.823	       -73.4195	        120.767	        44.0363	        746.194	        73.6965	        22.4079
	       -15.1975	       -207.984	        125.713	       -3.16156	       -32.9145	        139.281	       -125.616	       -12.5196	       -18.4679	        -65.481	        135.428	       -78.0015	        73.6965	        782.669	        -81.747
	       -24.4622	        88.5665	         82.219	        73.5852	       -9.26521	       -130.943	        16.6565	        -6.1166	       -1.13004	       -2.63834	        29.9961	         38.025	        22.4079	        -81.747	        86.3133
invIMIS 6
	        833.305	        349.424	       -147.761	       -10.0317	       -16.6015	       -94.3488	       -62.6209	       -134.943	        122.222	         147.53	       -63.1783	       -252.055	       -104.477	       -75.0748	       -66.5462
	        349.424	        2033.52	        28.0303	       -234.023	        319.821	        30.7594	         204.62	       -38.4974	       -581.412	        41.8298	        141.928	        875.694	       -194.353	       -655.945	        199.462
	       -147.761	        28.0303	           1650	       -487.438	       -158.729	       -187.139	        224.534	       -92.8794	         762.94	       -156.457	       -338.462	       -219.012	       -58.8927	        218.616	        247.421
	       -10.0317	       -234.023	       -487.438	        1657.64	       -21.6797	        313.291	         237.81	       -29.9728	       -489.007	        -28.016	         204.53	       -279.947	        33.0328	       -356.737	        32.4096
	       -16.6015	        319.821	       -158.729	       -21.6797	        484.369	        258.923	        104.144	        68.0971	       -28.1197	        44.7506	       -113.637	        99.9902	        69.3287	        -137.41	       -3.22014
	       -94.3488	        30.7594	       -187.139	        313.291	        258.923	        1675.11	       -166.156	        153.416	       -161.275	       -21.5166	       -102.103	       -47.3354	       -481.499	        93.2551	       -217.041
	       -62.6209	         204.62	        224.534	         237.81	        104.144	       -166.156	        474.364	       -24.1071	        -336.41	       -280.096	        9.46395	       -131.283	        278.056	       -280.033	        133.423
	       -134.943	       -38.4974	       -92.8794	       -29.9728	        68.0971	        153.416	       -24.1071	        86.2217	         66.771	       -37.2436	        14.8089	        36.1425	        12.1605	       -14.9867	        -36.749
	        122.222	       -581.412	         762.94	       -489.007	       -28.1197	       -161.275	        -336.41	         66.771	        4735.62	        193.925	       -703.152	       -1192.09	       -1364.99	        330.295	         117.19
	         147.53	        41.8298	       -156.457	        -28.016	        44.7506	       -21.5166	       -280.096	       -37.2436	        193.925	        1238.19	        159.247	         25.503	       -246.561	       -301.502	       -71.9591
	       -63.1783	        141.928	       -338.462	         204.53	       -113.637	       -102.103	        9.46395	        14.8089	       -703.152	        159.247	        724.041	        232.758	        379.056	       -101.148	        30.3244
	       -252.055	        875.694	       -219.012	       -279.947	        99.9902	       -47.3354	       -131.283	        36.1425	       -1192.09	         25.503	        232.758	        1450.65	       -15.4271	       -213.395	        123.228
	       -104.477	       -194.353	       -58.8927	        33.0328	        69.3287	       -481.499	        278.056	        12.1605	       -1364.99	       -246.561	        379.056	       -15.4271	        1955.88	        4.62555	        50.4611
	       -75.0748	       -655.945	        218.616	       -356.737	        -137.41	        93.2551	       -280.033	       -14.9867	        330.295	       -301.502	       -101.148	       -213.395	        4.62555	        1864.26	       -266.668
	       -66.5462	        199.462	        247.421	        32.4096	       -3.22014	       -217.041	        133.423	        -36.749	         117.19	       -71.9591	        30.3244	        123.228	        50.4611	       -266.668	        196.821
invIMIS 7
	        807.244	        297.472	       -96.3721	       -75.8599	       -29.2366	       -204.569	       -82.2173	       -125.776	        78.8278	        46.2672	       -165.005	       -260.383	       -104.116	         64.732	       -77.1899
	        297.472	        2342.46	       -34.2447	       -166.785	        422.867	       -6.02922	        284.622	        15.3285	       -30.2811	       -326.798	        543.984	         673.87	       -195.865	       -292.901	        215.721
	       -96.3721	       -34.2447	        1709.41	       -13.0557	       -165.212	        163.542	        299.958	       -113.357	       -102.265	        169.287	       -347.116	       -240.743	       -122.893	        188.686	        239.841
	       -75.8599	       -166.785	       -13.0557	        1568.63	       -32.0627	        169.187	       0.421312	       -22.5048	       -803.084	       -209.253	        243.814	       -335.186	        137.803	       -44.9998	        172.501
	       -29.2366	        422.867	       -165.212	       -32.0627	        570.349	        390.784	        48.8355	        53.2396	        10.0194	       -14.4097	       -187.174	        101.941	        12.1564	       -127.771	        17.4802
	       -204.569	       -6.02922	        163.542	        169.187	        390.784	        2191.81	        27.6717	        139.662	       -619.722	       -163.246	       -41.3534	         89.397	       -280.535	        210.788	       -263.928
	       -82.2173	        284.622	        299.958	       0.421312	        48.8355	        27.6717	        287.477	       -29.8419	       -454.599	        -227.37	       -121.142	        98.9175	        230.914	       -223.612	        105.782
	       -125.776	        15.3285	       -113.357	       -22.5048	        53.2396	        139.662	       -29.8419	        81.8545	        233.002	       -41.3598	        36.0829	          5.639	       -45.7404	       -28.0379	       -20.8877
	        78.8278	       -30.2811	       -102.265	       -803.084	        10.0194	       -619.722	       -454.599	        233.002	           6519	       -46.8435	       -312.811	       -1410.16	       -1459.87	        161.521	        62.6256
	        46.2672	       -326.798	        169.287	       -209.253	       -14.4097	       -163.246	        -227.37	       -41.3598	       -46.8435	        1144.88	       -78.6957	        14.5383	       -20.2409	       -29.6231	       -79.1735
	       -165.005	        543.984	       -347.116	        243.814	       -187.174	       -41.3534	       -121.142	        36.0829	       -312.811	       -78.6957	        1395.53	        293.131	        378.398	        301.499	         69.958
	       -260.383	         673.87	       -240.743	       -335.186	        101.941	         89.397	        98.9175	          5.639	       -1410.16	        14.5383	        293.131	        1630.56	        176.336	       -281.072	        91.5083
	       -104.116	       -195.865	       -122.893	        137.803	        12.1564	       -280.535	        230.914	       -45.7404	       -1459.87	       -20.2409	        378.398	        176.336	        1662.28	       -51.2967	        61.6276
	         64.732	       -292.901	        188.686	       -44.9998	       -127.771	        210.788	       -223.612	       -28.0379	        161.521	       -29.6231	        301.499	       -281.072	       -51.2967	        1985.05	       -250.435
	       -77.1899	        215.721	        239.841	        172.501	        17.4802	       -263.928	        105.782	       -20.8877	        62.6256	       -79.1735	         69.958	        91.5083	        61.6276	       -250.435	        225.237
invIMIS 8
	         6301.2	        3650.81	        -271.96	       -1445.13	       -203.906	       -2755.03	        -338.85	       -1421.86	       -42.0948	        935.368	       -389.311	       -381.636	        153.357	       -289.535	       -64.9824
	        3650.81	        9249.39	       -1035.19	          149.6	        1916.04	        -182.08	        1549.04	       -382.203	       -1936.57	         181.72	        1695.65	           2439	        1838.29	          -2739	        1094.25
	        -271.96	       -1035.19	        5050.65	       -1767.87	       -1252.07	        1228.73	        470.238	        41.9739	        2944.19	        -902.07	       -1826.06	       -1935.08	       -1263.46	       -463.688	        216.652
	       -1445.13	          149.6	       -1767.87	        6660.64	        134.961	        1165.51	         590.99	       -163.879	       -4070.23	        1192.15	        3720.12	        931.798	        299.554	       -1098.07	        503.913
	       -203.906	        1916.04	       -1252.07	        134.961	        2202.62	        2476.17	        329.515	        341.428	       -201.307	       -186.039	       -546.654	        1342.07	       -134.759	       -655.423	       -62.0449
	       -2755.03	        -182.08	        1228.73	        1165.51	        2476.17	        9496.55	        47.7207	        991.708	       -324.717	       -1123.59	       -1122.02	        1012.62	       -1511.99	        1864.08	       -908.821
	        -338.85	        1549.04	        470.238	         590.99	        329.515	        47.7207	        1196.96	        51.8348	       -1006.16	        -1050.6	        524.555	        216.621	        583.878	       -967.684	        608.038
	       -1421.86	       -382.203	        41.9739	       -163.879	        341.428	        991.708	        51.8348	        496.812	        695.501	       -246.096	       -109.009	        302.636	        50.4165	       -176.147	        26.4569
	       -42.0948	       -1936.57	        2944.19	       -4070.23	       -201.307	       -324.717	       -1006.16	        695.501	        18448.2	        4335.81	       -2329.26	       -3758.95	       -4891.33	       -2341.35	        527.856
	        935.368	         181.72	        -902.07	        1192.15	       -186.039	       -1123.59	        -1050.6	       -246.096	        4335.81	        6509.35	        1514.02	       -356.268	       -2713.99	        -2371.8	        165.577
	       -389.311	        1695.65	       -1826.06	        3720.12	       -546.654	       -1122.02	        524.555	       -109.009	       -2329.26	        1514.02	        4488.05	        1000.03	        1337.38	       -1753.26	        788.731
	       -381.636	           2439	       -1935.08	        931.798	        1342.07	        1012.62	        216.621	        302.636	       -3758.95	       -356.268	        1000.03	        3476.67	        1534.05	        186.975	        160.561
	        153.357	        1838.29	       -1263.46	        299.554	       -134.759	       -1511.99	        583.878	        50.4165	       -4891.33	       -2713.99	        1337.38	        1534.05	        4656.57	       -876.511	        377.174
	       -289.535	          -2739	       -463.688	       -1098.07	       -655.423	        1864.08	       -967.684	       -176.147	       -2341.35	        -2371.8	       -1753.26	        186.975	       -876.511	        11478.6	       -2088.12
	       -64.9824	        1094.25	        216.652	        503.913	       -62.0449	       -908.821	        608.038	        26.4569	        527.856	        165.577	        788.731	        160.561	        377.174	       -2088.12	        800.799
invIMIS 9
	        13772.4	        9629.98	       -1233.68	       -3631.41	        84.0163	       -5484.32	       -583.568	       -2755.05	        529.852	        1547.44	       -343.469	       -547.836	        1541.17	       -708.109	        -6.0813
	        9629.98	        18048.7	       -3745.28	       -1626.48	        4285.96	       -2452.96	        951.556	       -675.123	       -628.506	        4888.22	        1127.84	        4392.46	        -919.04	       -4860.54	        1127.99
	       -1233.68	       -3745.28	        10182.5	       -4202.23	       -2548.32	        1795.47	       -479.822	        320.632	        9217.51	       -1441.97	       -4809.75	       -4136.58	       -943.764	       -469.037	        558.148
	       -3631.41	       -1626.48	       -4202.23	        13109.7	         484.58	       -1832.02	        1966.43	       -437.551	       -5983.26	        2632.85	        5632.67	        657.984	        836.991	       -255.148	         936.58
	        84.0163	        4285.96	       -2548.32	         484.58	        3696.69	         3181.6	        343.326	        770.187	        1495.38	        2360.53	       -222.336	        2427.22	       -1928.73	       -802.932	       -190.909
	       -5484.32	       -2452.96	        1795.47	       -1832.02	         3181.6	        14297.3	       -1171.53	        2231.51	         9546.5	        5023.91	       -2889.02	       -635.988	       -7241.61	        3322.81	       -2152.14
	       -583.568	        951.556	       -479.822	        1966.43	        343.326	       -1171.53	        1598.94	        43.3637	       -2023.07	       -854.846	        113.378	       -22.3103	        1010.26	       -664.347	        560.956
	       -2755.05	       -675.123	        320.632	       -437.551	        770.187	        2231.51	        43.3637	        974.859	           1320	       -5.89239	       -539.514	        500.528	       -749.184	       -672.863	       -18.1178
	        529.852	       -628.506	        9217.51	       -5983.26	        1495.38	         9546.5	       -2023.07	           1320	          32028	        5315.69	       -3981.73	       -7252.74	       -8220.44	        -1375.7	        347.865
	        1547.44	        4888.22	       -1441.97	        2632.85	        2360.53	        5023.91	       -854.846	       -5.89239	        5315.69	        11399.6	        2641.88	        8.14939	       -4260.63	       -4048.69	       -46.0043
	       -343.469	        1127.84	       -4809.75	        5632.67	       -222.336	       -2889.02	        113.378	       -539.514	       -3981.73	        2641.88	        6274.84	        1246.62	        596.377	       -1157.69	        501.817
	       -547.836	        4392.46	       -4136.58	        657.984	        2427.22	       -635.988	       -22.3103	        500.528	       -7252.74	        8.14939	        1246.62	        9309.58	        1217.59	       -141.294	        413.226
	        1541.17	        -919.04	       -943.764	        836.991	       -1928.73	       -7241.61	        1010.26	       -749.184	       -8220.44	       -4260.63	        596.377	        1217.59	        7051.08	        -2445.9	         1045.4
	       -708.109	       -4860.54	       -469.037	       -255.148	       -802.932	        3322.81	       -664.347	       -672.863	        -1375.7	       -4048.69	       -1157.69	       -141.294	        -2445.9	        16892.5	       -2391.87
	        -6.0813	        1127.99	        558.148	         936.58	       -190.909	       -2152.14	        560.956	       -18.1178	        347.865	       -46.0043	        501.817	        413.226	         1045.4	       -2391.87	        1043.55
invIMIS 10
	        58801.1	        39635.2	       -5596.19	       -13407.3	        399.538	       -22419.3	       -1798.11	       -12153.1	       -6922.51	        3788.17	       -2724.78	         1091.8	        9709.63	        14.3048	        -999.19
	        39635.2	        54273.8	       -8565.56	       -6647.47	        11210.8	       -11153.7	        3256.52	       -4869.18	        2640.57	        17032.3	        2891.49	        9672.38	        3374.29	       -11368.2	        3569.31
	       -5596.19	       -8565.56	          34788	         -19939	       -9354.48	        7000.37	        -1622.4	        2393.87	        26032.3	       -8759.37	       -18294.6	       -12311.1	       -5513.69	       -8348.75	        1529.48
	       -13407.3	       -6647.47	         -19939	          42778	        3139.11	       -6593.75	         5559.4	       -1361.38	       -20985.5	         9132.3	        22101.7	        4823.64	       -1396.51	        2034.61	        1588.81
	        399.538	        11210.8	       -9354.48	        3139.11	        11236.7	        9372.27	       -80.6712	        2153.54	        8914.61	         9762.2	        732.192	        6988.64	       -5943.22	       -2352.77	       -249.419
	       -22419.3	       -11153.7	        7000.37	       -6593.75	        9372.27	        37372.5	       -3846.46	        8279.47	        29781.3	        8457.14	       -12790.6	       -3036.18	       -20230.7	        1008.87	       -4766.54
	       -1798.11	        3256.52	        -1622.4	         5559.4	       -80.6712	       -3846.46	        3480.15	        141.593	       -4691.64	       -294.982	        3182.49	        486.968	        1915.37	       -1966.64	        1828.55
	       -12153.1	       -4869.18	        2393.87	       -1361.38	        2153.54	        8279.47	        141.593	        3971.05	        8758.54	       -136.844	       -1680.03	        221.629	       -3087.28	       -2340.46	        323.341
	       -6922.51	        2640.57	        26032.3	       -20985.5	        8914.61	        29781.3	       -4691.64	        8758.54	        85227.3	       -921.575	         -19511	       -7417.48	       -14727.9	       -15796.8	        1273.38
	        3788.17	        17032.3	       -8759.37	         9132.3	         9762.2	        8457.14	       -294.982	       -136.844	       -921.575	        26743.2	        6388.15	        9921.66	       -6364.65	         -12437	       -126.508
	       -2724.78	        2891.49	       -18294.6	        22101.7	        732.192	       -12790.6	        3182.49	       -1680.03	         -19511	        6388.15	        21293.3	        5693.26	        7085.93	       -2603.93	        2252.33
	         1091.8	        9672.38	       -12311.1	        4823.64	        6988.64	       -3036.18	        486.968	        221.629	       -7417.48	        9921.66	        5693.26	        21099.5	        1953.59	        1165.42	        2292.54
	        9709.63	        3374.29	       -5513.69	       -1396.51	       -5943.22	       -20230.7	        1915.37	       -3087.28	       -14727.9	       -6364.65	        7085.93	        1953.59	        16414.4	       -3572.52	        2580.35
	        14.3048	       -11368.2	       -8348.75	        2034.61	       -2352.77	        1008.87	       -1966.64	       -2340.46	       -15796.8	         -12437	       -2603.93	        1165.42	       -3572.52	        36762.9	       -4877.48
	        -999.19	        3569.31	        1529.48	        1588.81	       -249.419	       -4766.54	        1828.55	        323.341	        1273.38	       -126.508	        2252.33	        2292.54	        2580.35	       -4877.48	        2790.82
invIMIS 11
